 0053
 0453
 0564
 0751
 0762
 0781
10111
10251
10271
1048 
10573
10756
10871
10961
11081
11761
11971
11981
12075
12211
12361
12521
12652
12716
12771
12911
13371
 1342
 1351
13622
13651
13692
14151
14211
 148 
15053
15371
15765
15964
1598 
16091
16383
16712
16811
16834
16931
17071
17251
17265
17392
17792
18075
18282
18492
18581
18684
18771
18821
18851
18992
19082
19135
19292
19464
19562
19571
19582
19651
20281
20782
21164
21251
21485
21532
21893
21953
2198 
22282
22384
22485
22541
22851
22895
23161
23232
23271
23381
23453
23581
23591
23623
23831
23841
24163
24212
24291
24383
24462
24512
 2462
24651
24782
24963
25051
25181
25262
25271
25312
25354
 2555
25571
25621
 2573
25941
25963
26661
26912
26971
27083
27311
27353
2742 
27461
27521
27561
27862
28083
28382
 2851
28565
 2861
28741
2877 
29052
29062
29321
29751
29782
29831
29971
30021
30271
30421
30491
30571
30692
30725
30962
31061
31072
31083
31271
31384
 3153
31931
32085
32154
32361
32662
32841
32943
32961
33133
33262
33362
33371
33384
33471
33483
33561
33571
33595
33693
33732
33771
33795
33961
34121
34622
34835
34901
35022
35162
35201
3523 
35321
35385
35721
35762
35982
36034
 3614
36205
36341
36522
36603
36692
 3672
36732
36781
36892
37521
37762
37821
38142
38162
38272
38444
38462
38932
39041
39221
39292
39341
39471
39782
39833
39921
40071
4037 
 4052
40842
4086 
41192
41205
41541
41682
 4175
41761
41834
41891
41942
42021
42073
42104
42161
42421
42575
 4265
42802
42973
43555
43634
43682
 4384
43861
43922
4395 
43992
44232
44372
44481
44492
44561
44571
45072
45095
4513 
45563
45634
45762
46133
46241
46372
46431
46561
46571
4665 
46732
46775
46831
47062
47142
47231
47262
47361
47462
47542
 4774
47732
4779 
47842
47881
48003
48042
48054
48172
4818 
48195
48202
48271
48283
4833 
48741
48991
49491
49682
49782
49862
49892
49991
50055
50221
50555
50561
50592
50643
50661
50762
51061
5114 
5117 
51381
51561
51851
5192 
51945
52574
52592
 5262
52731
52745
52951
53132
53281
53351
5337 
53561
53573
 5361
53662
53774
 5382
53895
53981
54092
54145
54161
55173
55372
55631
55905
56004
56022
56045
56081
56125
56132
56531
56561
 5664
56625
56822
5685 
56875
56884
57532
5760 
 5782
57971
57992
58435
58522
58731
58772
58952
59062
59271
59342
59576
59581
59632
59701
59804
59902
60175
60211
60273
60363
60392
60444
60591
60646
60751
6117 
61234
61343
 6171
61851
62181
62241
6235 
62361
62392
62591
62781
6282 
62862
62881
6297 
63041
6307 
63143
63361
63395
63591
63891
63922
64025
6409 
64102
64421
64632
64881
65024
65175
65251
65422
65471
65482
65491
6567 
65724
 6582
66063
66342
66365
66471
66582
66592
66811
67031
67155
67162
67182
67311
67333
67381
67462
67471
67535
67563
 6761
67611
67681
67876
67961
67981
68211
68512
68611
68781
69451
69711
69742
69764
69793
69981
70286
70633
 7076
70853
70952
70991
71131
71482
71524
71582
 7162
71652
71691
71872
71962
72151
72162
72211
72435
 7254
72575
72633
72902
73032
73091
73262
73332
73533
73561
73751
73873
73952
74061
74071
74256
74671
74781
75192
75342
75405
75671
75695
75881
75982
76053
76262
76494
76762
76896
76951
76962
77002
77544
77611
7764 
77691
77821
78011
78085
 7811
78151
78175
78511
78611
78633
78764
78792
78851
78883
79083
79112
79133
79471
79532
79561
79885
80021
80351
80495
80542
80693
80782
80795
80942
80981
81241
81261
81461
81496
81551
81692
81762
81841
81942
81951
82153
82293
82321
82843
82871
82881
83041
83085
 8322
83271
83511
83781
 8384
83881
84035
84142
84233
84341
84461
84471
84481
84535
84711
84751
 8482
84951
85061
85222
85251
85281
85361
85624
85755
85824
85871
85971
86361
 8672
86853
87052
87111
87162
87473
87491
87662
87715
87761
87841
88422
88751
88762
 8882
88811
88992
89643
89995
90071
90172
90381
90572
90611
 9072
90895
91192
91443
91994
92162
92272
92311
92422
92472
92542
 9261
92761
93072
93152
93221
93251
93291
93462
93471
93481
93491
93651
93731
93752
93782
93825
93933
94041
94472
94562
94642
94652
94751
94813
94861
95193
95251
95341
95451
95464
95473
95542
95593
 956 
95823
95963
96141
96232
96382
96451
96541
96672
96982
97156
97371
97482
97572
97682
97691
98171
98233
98292
98464
98495
98541
98744
36993
